1536 1584 0 G5
1584 1632 0 A5
1632 1704 0 Bb5
1704 1776 0 Bb5
1776 1824 0 D6
1824 1920 0 G5
1920 2016 0 F5
2016 2088 0 C5
2088 2160 0 C5
2160 2208 0 F5
2208 2304 0 D5
2304 2352 0 Bb4
2352 2400 0 A4
2400 2472 0 Bb4
2472 2544 0 Bb4
2544 2592 0 G5
2592 2664 0 F5
2688 2736 0 Bb4
2736 2784 0 D5
2784 2856 0 C5
2856 2904 0 C5
2928 2976 0 Bb4
2976 3072 0 Bb4
3072 3120 0 Bb4
3120 3168 0 A4
3168 3240 0 Bb4
3240 3312 0 Bb4
3312 3360 0 G5
3360 3432 0 F5
3456 3504 0 Bb4
3504 3552 0 D5
3552 3624 0 C5
3624 3696 0 C5
3696 3744 0 Bb4
3744 3816 0 D5
3840 3888 0 Bb4
3888 3936 0 A4
3936 4008 0 Bb4
4008 4080 0 Bb4
4080 4128 0 G5
4128 4224 0 F5
4224 4272 0 Bb4
4272 4320 0 D5
4320 4392 0 C5
4392 4464 0 C5
4464 4512 0 Bb4
4512 4608 0 Bb4
4608 4656 0 G5
4656 4704 0 A5
4704 4776 0 Bb5
4776 4848 0 Bb5
4848 4896 0 D6
4896 4992 0 G5
4992 5088 0 F5
5088 5160 0 C5
5160 5232 0 C5
5232 5280 0 F5
5280 5376 0 D5
5376 5424 0 Bb4
5424 5472 0 A4
5472 5544 0 Bb4
5544 5616 0 Bb4
5616 5664 0 G5
5664 5736 0 F5
5760 5808 0 Bb4
5808 5856 0 D5
5856 5928 0 C5
5928 5976 0 C5
6000 6048 0 Bb4
6048 6144 0 Bb4
9264 9312 0 F4
9312 9360 0 Bb4
9360 9408 0 Bb4
9408 9456 0 Bb4
9456 9480 0 C5
9480 9576 0 C5
9648 9696 0 Bb4
9696 9744 0 D5
9744 9768 0 C5
9768 9816 0 Bb4
9840 9888 0 C5
9888 9936 0 F4
10032 10080 0 F4
10080 10104 0 Bb4
10104 10152 0 Bb4
10176 10224 0 Bb4
10224 10272 0 C5
10272 10320 0 C5
10416 10464 0 Bb4
10464 10512 0 F5
10512 10560 0 F5
10560 10608 0 D5
10608 10632 0 Bb4
10632 10704 0 D5
10752 10800 0 Bb4
10800 10824 0 F5
10824 10848 0 A5
10848 10896 0 Bb5
10896 10944 0 Bb5
10944 10992 0 A5
10992 11088 0 F5
11136 11184 0 C5
11184 11232 0 Bb4
11232 11280 0 C5
11280 11304 0 C5
11328 11400 0 F5
11400 11496 0 D5
11520 11568 0 Bb4
11568 11736 0 Bb4
11904 11952 0 Bb4
11952 12144 0 C5
12144 12288 0 Bb4
12288 12336 0 Bb4
12336 12384 0 A4
12384 12456 0 Bb4
12456 12528 0 Bb4
12528 12576 0 G5
12576 12648 0 F5
12672 12720 0 Bb4
12720 12768 0 D5
12768 12840 0 C5
12840 12912 0 C5
12912 12960 0 Bb4
12960 13032 0 D5
13056 13104 0 Bb4
13104 13152 0 A4
13152 13224 0 Bb4
13224 13296 0 Bb4
13296 13344 0 G5
13344 13440 0 F5
13440 13488 0 Bb4
13488 13536 0 D5
13536 13608 0 C5
13608 13680 0 C5
13680 13728 0 Bb4
13728 13824 0 Bb4
13824 13872 0 G5
13872 13920 0 A5
13920 13992 0 Bb5
13992 14064 0 Bb5
14064 14112 0 D6
14112 14208 0 G5
14208 14304 0 F5
14304 14376 0 C5
14376 14448 0 C5
14448 14496 0 F5
14496 14592 0 D5
14592 14640 0 Bb4
14640 14688 0 A4
14688 14760 0 Bb4
14760 14832 0 Bb4
14832 14880 0 G5
14880 14952 0 F5
14976 15024 0 Bb4
15024 15072 0 D5
15072 15144 0 C5
15144 15192 0 C5
15216 15264 0 Bb4
15264 15360 0 Bb4
