0 48 0 Bb4
48 96 0 A4
96 168 0 Bb4
168 240 0 Bb4
240 288 0 G5
288 360 0 F5
384 432 0 Bb4
432 480 0 D5
480 552 0 C5
552 624 0 C5
624 672 0 Bb4
672 744 0 D5
768 816 0 Bb4
816 864 0 A4
864 936 0 Bb4
936 1008 0 Bb4
1008 1056 0 G5
1056 1152 0 F5
1152 1200 0 Bb4
1200 1248 0 D5
1248 1320 0 C5
1320 1392 0 C5
1392 1440 0 Bb4
1440 1536 0 Bb4
3072 3120 0 Bb4
3120 3168 0 A4
3168 3240 0 Bb4
3240 3312 0 Bb4
3312 3360 0 G5
3360 3432 0 F5
3456 3504 0 Bb4
3504 3552 0 D5
3552 3624 0 C5
3624 3696 0 C5
3696 3744 0 Bb4
3744 3816 0 D5
3840 3888 0 Bb4
3888 3936 0 A4
3936 4008 0 Bb4
4008 4080 0 Bb4
4080 4128 0 G5
4128 4224 0 F5
4224 4272 0 Bb4
4272 4320 0 D5
4320 4392 0 C5
4392 4464 0 C5
4464 4512 0 Bb4
4512 4608 0 Bb4
4608 4656 0 G5
4656 4704 0 A5
4704 4776 0 Bb5
4776 4848 0 Bb5
4848 4896 0 D6
4896 4992 0 G5
4992 5088 0 F5
5088 5160 0 C5
5160 5232 0 C5
5232 5280 0 F5
5280 5376 0 D5
5376 5424 0 Bb4
5424 5472 0 A4
5472 5544 0 Bb4
5544 5616 0 Bb4
5616 5664 0 G5
5664 5736 0 F5
5760 5808 0 Bb4
5808 5856 0 D5
5856 5928 0 C5
5928 5976 0 C5
6000 6048 0 Bb4
6048 6144 0 Bb4
6384 6408 0 D5
6408 6432 0 D5
6432 6480 0 D5
6480 6504 0 C5
6504 6528 0 C5
6528 6576 0 C5
6576 6624 0 Bb4
6624 6696 0 C5
6768 6792 0 Bb4
6792 6816 0 Bb4
6816 6864 0 C5
6864 6888 0 C5
6888 6936 0 D5
6960 7008 0 Bb4
7008 7104 0 G4
7152 7176 0 D5
7176 7200 0 D5
7200 7248 0 D5
7248 7272 0 C5
7272 7296 0 C5
7296 7344 0 C5
7344 7392 0 Bb4
7392 7464 0 C5
7536 7560 0 Bb4
7560 7584 0 Bb4
7584 7632 0 C5
7632 7656 0 C5
7656 7704 0 D5
7728 7776 0 Bb4
7776 7872 0 G4
7920 7944 0 D5
7944 7968 0 D5
7968 8016 0 D5
8016 8040 0 D5
8040 8064 0 D5
8064 8112 0 D5
8112 8160 0 F5
8160 8304 0 F5
8304 8328 0 Bb4
8328 8352 0 Bb4
8352 8400 0 C5
8400 8424 0 C5
8424 8448 0 C5
8448 8472 0 C5
8472 8496 0 Bb4
8496 8544 0 D5
8544 8592 0 D5
8640 8736 0 C5
8736 8832 0 Bb4
8832 8928 0 G4
8928 9120 0 F4
12288 12336 0 Bb4
12336 12384 0 A4
12384 12456 0 Bb4
12456 12528 0 Bb4
12528 12576 0 G5
12576 12648 0 F5
12672 12720 0 Bb4
12720 12768 0 D5
12768 12840 0 C5
12840 12912 0 C5
12912 12960 0 Bb4
12960 13032 0 D5
13056 13104 0 Bb4
13104 13152 0 A4
13152 13224 0 Bb4
13224 13296 0 Bb4
13296 13344 0 G5
13344 13440 0 F5
13440 13488 0 Bb4
13488 13536 0 D5
13536 13608 0 C5
13608 13680 0 C5
13680 13728 0 Bb4
13728 13824 0 Bb4
13824 13872 0 G5
13872 13920 0 A5
13920 13992 0 Bb5
13992 14064 0 Bb5
14064 14112 0 D6
14112 14208 0 G5
14208 14304 0 F5
14304 14376 0 C5
14376 14448 0 C5
14448 14496 0 F5
14496 14592 0 D5
14592 14640 0 Bb4
14640 14688 0 A4
14688 14760 0 Bb4
14760 14832 0 Bb4
14832 14880 0 G5
14880 14952 0 F5
14976 15024 0 Bb4
15024 15072 0 D5
15072 15144 0 C5
15144 15192 0 C5
15216 15264 0 Bb4
15264 15360 0 Bb4
