0 192 0 A5
288 336 0 Db6
360 480 0 A5
768 864 0 A5
1056 1104 0 A5
1128 1248 0 Gb5
1536 1632 0 Gb5
1824 1872 0 Gb5
1872 1896 0 Gb5
1896 1968 0 A5
1968 2016 0 D5
2016 2064 0 D5
2064 2112 0 E5
2112 2160 0 E5
2160 2208 0 D5
2208 2256 0 E5
2256 2280 0 D5
2280 2304 0 A4
2544 2592 0 Gb5
2592 2640 0 E5
2640 2688 0 E5
2736 2880 0 D5
4608 4704 0 B5
4704 4800 0 Gb6
4800 4848 0 B5
4872 4896 0 B5
4920 4944 0 B5
4944 4992 0 B5
4992 5040 0 B5
5040 5088 0 Gb5
5088 5136 0 Gb5
5136 5184 0 Gb5
5184 5232 0 G5
5232 5280 0 G5
5280 5328 0 A5
5328 5424 0 G5
5424 5568 0 Gb5
5616 5664 0 E5
5664 5688 0 E5
5688 5712 0 E5
5712 5760 0 E5
5760 5952 0 Gb5
7920 7968 0 Gb5
7968 8016 0 E5
8016 8064 0 D5
8064 8112 0 E5
8256 8304 0 Gb5
8352 8400 0 D5
8400 8448 0 D5
8688 8736 0 Gb5
8736 8784 0 E5
8784 8832 0 D5
8832 8880 0 E5
9024 9072 0 Gb5
9120 9168 0 D5
9168 9216 0 D5
9456 9504 0 A4
9504 9552 0 B4
9552 9600 0 D5
9696 9744 0 B4
9792 9840 0 D5
9888 9936 0 E5
10224 10272 0 A4
10272 10320 0 B4
10320 10368 0 D5
10464 10512 0 B4
10512 10560 0 Gb5
10656 10704 0 D5
10704 10752 0 D5
10848 10896 0 D5
10896 10944 0 E5
10944 10992 0 Gb5
11040 11088 0 Gb5
11232 11280 0 D5
11280 11328 0 E5
11328 11376 0 Gb5
11424 11472 0 D5
11472 11520 0 Db5
11616 11664 0 D5
11664 11712 0 E5
11712 11760 0 Gb5
11808 11856 0 Gb5
12000 12048 0 D5
12048 12096 0 Gb5
12096 12144 0 E5
12192 12240 0 Db5
12240 12288 0 D5
12384 12432 0 D5
12432 12480 0 E5
12480 12528 0 Gb5
12576 12624 0 Gb5
12768 12816 0 D5
12816 12864 0 E5
12864 12912 0 Gb5
12960 13008 0 D5
13008 13056 0 Db5
13152 13200 0 D5
13200 13248 0 E5
13248 13296 0 Gb5
13344 13392 0 Gb5
13536 13584 0 D5
13584 13632 0 Gb5
13632 13680 0 E5
13728 13776 0 Db5
13776 13824 0 D5
13824 13920 0 Gb5
14112 14160 0 Gb5
14160 14184 0 Gb5
14184 14256 0 A5
14256 14304 0 D5
14304 14352 0 D5
14352 14400 0 E5
14400 14448 0 E5
14448 14496 0 D5
14496 14544 0 E5
14544 14568 0 D5
14568 14592 0 A4
14832 14880 0 Gb5
14880 14928 0 E5
14928 14976 0 E5
15024 15168 0 D5
16896 16992 0 B5
16992 17088 0 Gb6
17088 17136 0 B5
17160 17184 0 B5
17208 17232 0 B5
17232 17280 0 B5
17280 17328 0 B5
17328 17376 0 Gb5
17376 17424 0 Gb5
17424 17472 0 Gb5
17472 17520 0 G5
17520 17568 0 G5
17568 17616 0 A5
17616 17712 0 G5
17712 17856 0 Gb5
17904 17952 0 E5
17952 17976 0 E5
17976 18000 0 E5
18000 18048 0 E5
18048 18240 0 Gb5
20208 20256 0 Gb5
20256 20304 0 E5
20304 20352 0 D5
20352 20400 0 E5
20544 20592 0 Gb5
20640 20688 0 D5
20688 20736 0 D5
20976 21024 0 Gb5
21024 21072 0 E5
21072 21120 0 D5
21120 21168 0 E5
21312 21360 0 Gb5
21408 21456 0 D5
21456 21504 0 D5
21744 21792 0 A4
21792 21840 0 B4
21840 21888 0 D5
21984 22032 0 B4
22080 22128 0 D5
22176 22224 0 E5
22512 22560 0 A4
22560 22608 0 B4
22608 22656 0 D5
22752 22800 0 B4
22800 22848 0 Gb5
22944 22992 0 D5
22992 23040 0 D5
23136 23184 0 D5
23184 23232 0 E5
23232 23280 0 Gb5
23328 23376 0 Gb5
23520 23568 0 D5
23568 23616 0 E5
23616 23664 0 Gb5
23712 23760 0 D5
23760 23808 0 Db5
23904 23952 0 D5
23952 24000 0 E5
24000 24048 0 Gb5
24096 24144 0 Gb5
24288 24336 0 D5
24336 24384 0 Gb5
24384 24432 0 E5
24480 24528 0 Db5
24528 24576 0 D5
24672 24720 0 D5
24720 24768 0 E5
24768 24816 0 Gb5
24864 24912 0 Gb5
25056 25104 0 D5
25104 25152 0 E5
25152 25200 0 Gb5
25248 25296 0 D5
25296 25344 0 Db5
25440 25488 0 D5
25488 25536 0 E5
25536 25584 0 Gb5
25632 25680 0 Gb5
25824 25872 0 D5
25872 25920 0 Gb5
25920 25968 0 E5
26016 26064 0 Db5
26064 26112 0 D5
