480 528 0 D4
528 576 0 E4
576 624 0 Gb4
672 768 0 Gb4
1248 1296 0 D4
1296 1344 0 E4
1344 1392 0 A4
1440 1488 0 Db4
3072 3264 0 Gb4
3360 3408 0 Gb4
3408 3432 0 Gb4
3432 3504 0 A4
3504 3552 0 D4
3552 3600 0 D4
3600 3648 0 E4
3648 3696 0 E4
3696 3744 0 D4
3744 3792 0 E4
3792 3816 0 D4
3816 3840 0 A3
4080 4128 0 A3
4128 4176 0 E4
4272 4608 0 D4
6144 6240 0 B4
6240 6336 0 Gb5
6336 6384 0 B4
6408 6432 0 B4
6456 6480 0 B4
6480 6528 0 B4
6528 6576 0 B4
6576 6624 0 Gb4
6624 6672 0 Gb4
6672 6720 0 Gb4
6720 6768 0 G4
6768 6816 0 G4
6816 6864 0 A4
6864 6960 0 G4
6960 7104 0 Gb4
7152 7200 0 G4
7200 7224 0 G4
7224 7248 0 G4
7248 7296 0 Gb4
7296 7680 0 D4
7920 7968 0 Gb5
7968 8016 0 E5
8016 8064 0 D5
8064 8112 0 E5
8256 8304 0 Gb5
8352 8400 0 D5
8400 8448 0 D5
8688 8736 0 Gb5
8736 8784 0 E5
8784 8832 0 D5
8832 8880 0 E5
9024 9072 0 Gb5
9120 9168 0 D5
9168 9216 0 D5
9456 9504 0 A4
9504 9552 0 B4
9552 9600 0 D5
9696 9744 0 B4
9792 9840 0 D5
9888 9936 0 E5
10224 10272 0 A4
10272 10320 0 B4
10320 10368 0 D5
10464 10512 0 B4
10512 10560 0 Gb5
10656 10704 0 D5
10704 10752 0 D5
10848 10896 0 D5
10896 10944 0 E5
10944 10992 0 Gb5
11040 11088 0 Gb5
11232 11280 0 D5
11280 11328 0 E5
11328 11376 0 Gb5
11424 11472 0 D5
11472 11520 0 Db5
11616 11664 0 D5
11664 11712 0 E5
11712 11760 0 Gb5
11808 11856 0 Gb5
12000 12048 0 D5
12048 12096 0 Gb5
12096 12144 0 E5
12192 12240 0 Db5
12240 12288 0 D5
12384 12432 0 D5
12432 12480 0 E5
12480 12528 0 Gb5
12576 12624 0 Gb5
12768 12816 0 D5
12816 12864 0 E5
12864 12912 0 Gb5
12960 13008 0 D5
13008 13056 0 Db5
13152 13200 0 D5
13200 13248 0 E5
13248 13296 0 Gb5
13344 13392 0 Gb5
13536 13584 0 D5
13584 13632 0 Gb5
13632 13680 0 E5
13728 13776 0 Db5
13776 13824 0 D5
15360 15552 0 Gb4
15648 15696 0 Gb4
15696 15720 0 Gb4
15720 15792 0 A4
15792 15840 0 D4
15840 15888 0 D4
15888 15936 0 E4
15936 15984 0 E4
15984 16032 0 D4
16032 16080 0 E4
16080 16104 0 D4
16104 16128 0 A3
16368 16416 0 A3
16416 16464 0 E4
16560 16896 0 D4
18432 18528 0 B4
18528 18624 0 Gb5
18624 18672 0 B4
18696 18720 0 B4
18744 18768 0 B4
18768 18816 0 B4
18816 18864 0 B4
18864 18912 0 Gb4
18912 18960 0 Gb4
18960 19008 0 Gb4
19008 19056 0 G4
19056 19104 0 G4
19104 19152 0 A4
19152 19248 0 G4
19248 19392 0 Gb4
19440 19488 0 G4
19488 19512 0 G4
19512 19536 0 G4
19536 19584 0 Gb4
19584 19968 0 D4
20208 20256 0 Gb5
20256 20304 0 E5
20304 20352 0 D5
20352 20400 0 E5
20544 20592 0 Gb5
20640 20688 0 D5
20688 20736 0 D5
20976 21024 0 Gb5
21024 21072 0 E5
21072 21120 0 D5
21120 21168 0 E5
21312 21360 0 Gb5
21408 21456 0 D5
21456 21504 0 D5
21744 21792 0 A4
21792 21840 0 B4
21840 21888 0 D5
21984 22032 0 B4
22080 22128 0 D5
22176 22224 0 E5
22512 22560 0 A4
22560 22608 0 B4
22608 22656 0 D5
22752 22800 0 B4
22800 22848 0 Gb5
22944 22992 0 D5
22992 23040 0 D5
23136 23184 0 D5
23184 23232 0 E5
23232 23280 0 Gb5
23328 23376 0 Gb5
23520 23568 0 D5
23568 23616 0 E5
23616 23664 0 Gb5
23712 23760 0 D5
23760 23808 0 Db5
23904 23952 0 D5
23952 24000 0 E5
24000 24048 0 Gb5
24096 24144 0 Gb5
24288 24336 0 D5
24336 24384 0 Gb5
24384 24432 0 E5
24480 24528 0 Db5
24528 24576 0 D5
24672 24720 0 D5
24720 24768 0 E5
24768 24816 0 Gb5
24864 24912 0 Gb5
25056 25104 0 D5
25104 25152 0 E5
25152 25200 0 Gb5
25248 25296 0 D5
25296 25344 0 Db5
25440 25488 0 D5
25488 25536 0 E5
25536 25584 0 Gb5
25632 25680 0 Gb5
25824 25872 0 D5
25872 25920 0 Gb5
25920 25968 0 E5
26016 26064 0 Db5
26064 26112 0 D5
