0 0 0 0
768 792 0 Db5
792 816 0 D5
816 840 0 D5
840 864 0 A5
912 936 0 D5
936 960 0 D5
960 984 0 D5
984 1008 0 D5
1008 1032 0 D5
1032 1056 0 D5
1056 1080 0 Db5
1080 1104 0 D5
1104 1128 0 D5
1536 1560 0 Db5
1560 1584 0 D5
1584 1608 0 D5
1608 1632 0 A5
1680 1704 0 D5
1704 1728 0 D5
1728 1752 0 D5
1752 1776 0 D5
1776 1800 0 D5
1800 1824 0 D5
1824 1848 0 Db5
1848 1872 0 D5
1872 1896 0 D5
2328 2352 0 D5
2352 2376 0 Gb5
2400 2424 0 E5
2472 2496 0 E5
2520 2544 0 E5
2568 2592 0 D5
2592 2616 0 E5
2640 2664 0 E5
3072 3096 0 B4
3096 3120 0 D5
3120 3144 0 Gb5
3168 3192 0 E5
3240 3264 0 E5
3288 3312 0 E5
3336 3360 0 D5
3360 3384 0 E5
3408 3432 0 E5
4224 4248 0 D5
4344 4368 0 B4
4368 4392 0 Gb5
4392 4416 0 Gb5
5040 5064 0 Gb5
5136 5160 0 Gb5
5184 5208 0 E5
5208 5232 0 E5
5232 5256 0 E5
5256 5280 0 Gb5
5280 5304 0 E5
5328 5352 0 D5
5376 5400 0 Db5
5400 5424 0 D5
5424 5448 0 D5
5448 5472 0 A5
5520 5544 0 D5
5544 5568 0 D5
5568 5592 0 D5
5592 5616 0 D5
5616 5640 0 D5
5640 5664 0 D5
5664 5688 0 Db5
5688 5712 0 D5
5712 5736 0 D5
5760 5784 0 Db5
5784 5808 0 D5
5808 5832 0 D5
5832 5856 0 A5
5904 5928 0 D5
5928 5952 0 D5
5952 5976 0 D5
5976 6000 0 D5
6000 6024 0 D5
6024 6048 0 D5
6048 6072 0 Db5
6072 6096 0 D5
6096 6120 0 D5
6144 6168 0 Db5
6168 6192 0 D5
6192 6216 0 D5
6216 6240 0 A5
6288 6312 0 D5
6312 6336 0 D5
6336 6360 0 D5
6360 6384 0 D5
6384 6408 0 D5
6408 6432 0 D5
6432 6456 0 Db5
6456 6480 0 D5
6480 6504 0 D5
6528 6552 0 Db5
6552 6576 0 D5
6576 6600 0 D5
6600 6624 0 A5
6672 6696 0 Db5
6696 6720 0 D5
6720 6744 0 D5
6744 6768 0 Db6
6816 6840 0 A5
6888 6912 0 B5
6912 6936 0 Db5
6936 6960 0 D5
6960 6984 0 D5
6984 7008 0 A5
7056 7080 0 D5
7080 7104 0 D5
7104 7128 0 D5
7128 7152 0 D5
7152 7176 0 D5
7176 7200 0 D5
7200 7224 0 Db5
7224 7248 0 D5
7248 7272 0 D5
7296 7320 0 Db5
7320 7344 0 D5
7344 7368 0 D5
7368 7392 0 A5
7440 7464 0 D5
7464 7488 0 D5
7488 7512 0 D5
7512 7536 0 D5
7536 7560 0 D5
7560 7584 0 D5
7584 7608 0 Db5
7608 7632 0 D5
7632 7656 0 D5
7680 7704 0 Db5
7704 7728 0 D5
7728 7752 0 D5
7752 7776 0 A5
7824 7848 0 D5
7848 7872 0 D5
7872 7896 0 D5
7896 7920 0 D5
7920 7944 0 D5
7944 7968 0 D5
7968 7992 0 Db5
7992 8016 0 D5
8016 8040 0 D5
8064 8088 0 Db5
8088 8112 0 D5
8112 8136 0 D5
8136 8160 0 A5
8208 8232 0 Db5
8232 8256 0 D5
8256 8280 0 D5
8280 8304 0 Db6
8352 8376 0 A5
8424 8448 0 B5
8472 8496 0 Gb5
8520 8544 0 Gb5
8544 8568 0 Gb5
8568 8592 0 Gb5
8592 8616 0 Gb5
8616 8640 0 D5
8640 8664 0 D5
8664 8688 0 E5
8688 8712 0 E5
8784 8808 0 E6
8808 8832 0 D6
9240 9264 0 Gb5
9288 9312 0 Gb5
9312 9336 0 Gb5
9336 9360 0 A5
9360 9384 0 Gb5
9384 9408 0 D5
9408 9432 0 D5
9432 9456 0 E5
9456 9480 0 E5
9552 9576 0 E6
9576 9600 0 D6
10008 10032 0 Db6
10032 10056 0 Db6
10056 10080 0 D6
10104 10128 0 E5
10128 10152 0 E5
10152 10176 0 D5
10176 10200 0 E5
10224 10248 0 E5
10248 10272 0 D5
10272 10296 0 E5
10320 10344 0 Gb5
10392 10416 0 E5
10416 10440 0 E5
10440 10464 0 D5
10464 10488 0 E5
10512 10536 0 E5
10536 10560 0 D5
10560 10584 0 E5
10608 10632 0 Gb5
10656 10680 0 Db5
10704 10728 0 D5
11256 11280 0 D5
11280 11304 0 D5
11304 11328 0 D5
11328 11352 0 D5
11352 11376 0 E5
11376 11400 0 D5
11400 11424 0 Db6
11424 11448 0 B5
11448 11472 0 A5
11904 11928 0 D5
12024 12048 0 B4
12048 12072 0 Gb5
12072 12096 0 Gb5
12720 12744 0 Gb5
12816 12840 0 Gb5
12864 12888 0 E5
12888 12912 0 E5
12912 12936 0 E5
12936 12960 0 Gb5
12960 12984 0 E5
13008 13032 0 D5
13056 13080 0 Db5
13080 13104 0 D5
13104 13128 0 D5
13128 13152 0 A5
13200 13224 0 D5
13224 13248 0 D5
13248 13272 0 D5
13272 13296 0 D5
13296 13320 0 D5
13320 13344 0 D5
13344 13368 0 Db5
13368 13392 0 D5
13392 13416 0 D5
13440 13464 0 Db5
13464 13488 0 D5
13488 13512 0 D5
13512 13536 0 A5
13584 13608 0 D5
13608 13632 0 D5
13632 13656 0 D5
13656 13680 0 D5
13680 13704 0 D5
13704 13728 0 D5
13728 13752 0 Db5
13752 13776 0 D5
13776 13800 0 D5
13824 13848 0 Db5
13848 13872 0 D5
13872 13896 0 D5
13896 13920 0 A5
13968 13992 0 D5
13992 14016 0 D5
14016 14040 0 D5
14040 14064 0 D5
14064 14088 0 D5
14088 14112 0 D5
14112 14136 0 Db5
14136 14160 0 D5
14160 14184 0 D5
14208 14232 0 Db5
14232 14256 0 D5
14256 14280 0 D5
14280 14304 0 A5
14352 14376 0 Db5
14376 14400 0 D5
14400 14424 0 D5
14424 14448 0 Db6
14496 14520 0 A5
14568 14592 0 B5
14592 14616 0 Db5
14616 14640 0 D5
14640 14664 0 D5
14664 14688 0 A5
14736 14760 0 D5
14760 14784 0 D5
14784 14808 0 D5
14808 14832 0 D5
14832 14856 0 D5
14856 14880 0 D5
14880 14904 0 Db5
14904 14928 0 D5
14928 14952 0 D5
14976 15000 0 Db5
15000 15024 0 D5
15024 15048 0 D5
15048 15072 0 A5
15120 15144 0 D5
15144 15168 0 D5
15168 15192 0 D5
15192 15216 0 D5
15216 15240 0 D5
15240 15264 0 D5
15264 15288 0 Db5
15288 15312 0 D5
15312 15336 0 D5
15360 15384 0 Db5
15384 15408 0 D5
15408 15432 0 D5
15432 15456 0 A5
15504 15528 0 D5
15528 15552 0 D5
15552 15576 0 D5
15576 15600 0 D5
15600 15624 0 D5
15624 15648 0 D5
15648 15672 0 Db5
15672 15696 0 D5
15696 15720 0 D5
15744 15768 0 Db5
15768 15792 0 D5
15792 15816 0 D5
15816 15840 0 A5
15888 15912 0 Db5
15912 15936 0 D5
15936 15960 0 D5
15960 15984 0 Db6
16032 16056 0 A5
16104 16128 0 B5
