1152 1176 0 Db4
1176 1200 0 D4
1200 1224 0 D4
1224 1248 0 A4
1296 1320 0 D4
1320 1344 0 D4
1344 1368 0 D4
1368 1392 0 D4
1392 1416 0 D4
1416 1440 0 D4
1440 1464 0 Db4
1464 1488 0 D4
1488 1512 0 D4
1920 1944 0 Db4
1944 1968 0 D4
1968 1992 0 D4
1992 2016 0 A4
2064 2088 0 Db4
2088 2112 0 D4
2112 2136 0 D4
2136 2160 0 Db5
2208 2232 0 A4
2280 2304 0 B4
2688 2712 0 B3
2712 2736 0 D4
2736 2760 0 Gb4
2784 2808 0 E4
2856 2880 0 E4
2904 2928 0 E4
2952 2976 0 D4
2976 3000 0 E4
3024 3048 0 E4
3456 3480 0 A4
3504 3528 0 Gb4
3552 3576 0 A4
3600 3624 0 Gb4
3648 3672 0 E4
3672 3696 0 E4
3696 3720 0 E4
3720 3744 0 Gb4
3744 3768 0 E4
3792 3816 0 D4
3840 3864 0 D4
3960 3984 0 B3
3984 4008 0 Gb4
4008 4032 0 Gb4
4608 4632 0 D4
4728 4752 0 B3
4752 4776 0 Gb4
4776 4800 0 Gb4
4992 5016 0 A4
5088 5112 0 A4
5184 5208 0 E4
5208 5232 0 E4
5232 5256 0 E4
5256 5280 0 Gb4
5280 5304 0 E4
5328 5352 0 D4
5376 5400 0 Db5
5400 5424 0 D5
5424 5448 0 D5
5448 5472 0 A5
5520 5544 0 D5
5544 5568 0 D5
5568 5592 0 D5
5592 5616 0 D5
5616 5640 0 D5
5640 5664 0 D5
5664 5688 0 Db5
5688 5712 0 D5
5712 5736 0 D5
5760 5784 0 Db5
5784 5808 0 D5
5808 5832 0 D5
5832 5856 0 A5
5904 5928 0 D5
5928 5952 0 D5
5952 5976 0 D5
5976 6000 0 D5
6000 6024 0 D5
6024 6048 0 D5
6048 6072 0 Db5
6072 6096 0 D5
6096 6120 0 D5
6144 6168 0 Db5
6168 6192 0 D5
6192 6216 0 D5
6216 6240 0 A5
6288 6312 0 D5
6312 6336 0 D5
6336 6360 0 D5
6360 6384 0 D5
6384 6408 0 D5
6408 6432 0 D5
6432 6456 0 Db5
6456 6480 0 D5
6480 6504 0 D5
6528 6552 0 Db5
6552 6576 0 D5
6576 6600 0 D5
6600 6624 0 A5
6672 6696 0 Db5
6696 6720 0 D5
6720 6744 0 D5
6744 6768 0 Db6
6816 6840 0 A5
6888 6912 0 B5
6912 6936 0 Db5
6936 6960 0 D5
6960 6984 0 D5
6984 7008 0 A5
7056 7080 0 D5
7080 7104 0 D5
7104 7128 0 D5
7128 7152 0 D5
7152 7176 0 D5
7176 7200 0 D5
7200 7224 0 Db5
7224 7248 0 D5
7248 7272 0 D5
7296 7320 0 Db5
7320 7344 0 D5
7344 7368 0 D5
7368 7392 0 A5
7440 7464 0 D5
7464 7488 0 D5
7488 7512 0 D5
7512 7536 0 D5
7536 7560 0 D5
7560 7584 0 D5
7584 7608 0 Db5
7608 7632 0 D5
7632 7656 0 D5
7680 7704 0 Db5
7704 7728 0 D5
7728 7752 0 D5
7752 7776 0 A5
7824 7848 0 D5
7848 7872 0 D5
7872 7896 0 D5
7896 7920 0 D5
7920 7944 0 D5
7944 7968 0 D5
7968 7992 0 Db5
7992 8016 0 D5
8016 8040 0 D5
8064 8088 0 Db5
8088 8112 0 D5
8112 8136 0 D5
8136 8160 0 A5
8208 8232 0 Db5
8232 8256 0 D5
8256 8280 0 D5
8280 8304 0 Db6
8352 8376 0 A5
8424 8448 0 B5
8856 8880 0 Gb4
8904 8928 0 Gb4
8928 8952 0 Gb4
8952 8976 0 Gb4
8976 9000 0 Gb4
9000 9024 0 D4
9024 9048 0 D4
9048 9072 0 E4
9072 9096 0 E4
9144 9168 0 D5
9168 9192 0 E5
9192 9216 0 D5
9624 9648 0 Gb4
9672 9696 0 Gb4
9696 9720 0 Gb4
9720 9744 0 Gb4
9744 9768 0 Gb4
9768 9792 0 D4
9792 9816 0 D4
9816 9840 0 E4
9840 9864 0 E4
9912 9936 0 D5
9936 9960 0 E5
9960 9984 0 D5
10776 10800 0 D4
10800 10824 0 Gb4
10824 10848 0 E4
10872 10896 0 D4
10896 10920 0 Gb4
10920 10944 0 E4
10968 10992 0 D4
10992 11016 0 Gb4
11016 11040 0 E4
11064 11088 0 D4
11088 11112 0 Gb4
11112 11136 0 E4
11160 11256 0 D4
11256 11280 0 D4
11280 11304 0 D4
11304 11328 0 D4
11328 11352 0 D4
11352 11376 0 E4
11376 11400 0 D4
11400 11424 0 Db5
11424 11448 0 B4
11448 11472 0 A4
11520 11544 0 D4
11640 11664 0 B3
11664 11688 0 Gb4
11688 11712 0 Gb4
12288 12312 0 D4
12408 12432 0 B3
12432 12456 0 Gb4
12456 12480 0 Gb4
12672 12696 0 A4
12768 12792 0 A4
12864 12888 0 E4
12888 12912 0 E4
12912 12936 0 E4
12936 12960 0 Gb4
12960 12984 0 E4
13008 13032 0 D4
13056 13080 0 Db5
13080 13104 0 D5
13104 13128 0 D5
13128 13152 0 A5
13200 13224 0 D5
13224 13248 0 D5
13248 13272 0 D5
13272 13296 0 D5
13296 13320 0 D5
13320 13344 0 D5
13344 13368 0 Db5
13368 13392 0 D5
13392 13416 0 D5
13440 13464 0 Db5
13464 13488 0 D5
13488 13512 0 D5
13512 13536 0 A5
13584 13608 0 D5
13608 13632 0 D5
13632 13656 0 D5
13656 13680 0 D5
13680 13704 0 D5
13704 13728 0 D5
13728 13752 0 Db5
13752 13776 0 D5
13776 13800 0 D5
13824 13848 0 Db5
13848 13872 0 D5
13872 13896 0 D5
13896 13920 0 A5
13968 13992 0 D5
13992 14016 0 D5
14016 14040 0 D5
14040 14064 0 D5
14064 14088 0 D5
14088 14112 0 D5
14112 14136 0 Db5
14136 14160 0 D5
14160 14184 0 D5
14208 14232 0 Db5
14232 14256 0 D5
14256 14280 0 D5
14280 14304 0 A5
14352 14376 0 Db5
14376 14400 0 D5
14400 14424 0 D5
14424 14448 0 Db6
14496 14520 0 A5
14568 14592 0 B5
14592 14616 0 Db5
14616 14640 0 D5
14640 14664 0 D5
14664 14688 0 A5
14736 14760 0 D5
14760 14784 0 D5
14784 14808 0 D5
14808 14832 0 D5
14832 14856 0 D5
14856 14880 0 D5
14880 14904 0 Db5
14904 14928 0 D5
14928 14952 0 D5
14976 15000 0 Db5
15000 15024 0 D5
15024 15048 0 D5
15048 15072 0 A5
15120 15144 0 D5
15144 15168 0 D5
15168 15192 0 D5
15192 15216 0 D5
15216 15240 0 D5
15240 15264 0 D5
15264 15288 0 Db5
15288 15312 0 D5
15312 15336 0 D5
15360 15384 0 Db5
15384 15408 0 D5
15408 15432 0 D5
15432 15456 0 A5
15504 15528 0 D5
15528 15552 0 D5
15552 15576 0 D5
15576 15600 0 D5
15600 15624 0 D5
15624 15648 0 D5
15648 15672 0 Db5
15672 15696 0 D5
15696 15720 0 D5
15744 15768 0 Db5
15768 15792 0 D5
15792 15816 0 D5
15816 15840 0 A5
15888 15912 0 Db5
15912 15936 0 D5
15936 15960 0 D5
15960 15984 0 Db6
16032 16056 0 A5
16104 16128 0 B5
