2400 2421 1 G4
2447 2465 1 G4
2495 2561 1 G4
2591 2633 1 F4
2639 2657 1 D4
2663 2729 1 F4
2735 2777 1 G4
3936 3959 1 C4
3960 4006 1 D4
4008 4125 1 Eb4
4128 4150 1 F4
4152 4199 1 C4
4200 4297 1 Bb3
5447 5469 1 G4
5472 5493 1 G4
5496 5539 1 G4
5544 5608 1 G4
5616 5658 1 F4
5664 5706 1 F4
5712 5754 1 D4
5760 5889 1 F4
5904 5972 1 G4
6722 6762 1 Bb3
6768 6853 1 C4
6864 6930 1 D4
6938 6955 1 C4
6957 7024 1 Bb3
7032 7053 1 D4
7056 7098 1 D4
7104 7180 1 Eb4
7199 7217 1 F4
7247 7361 1 Bb3
7535 7577 1 G4
7583 7625 1 G4
7631 7673 1 A4
7679 7769 1 Bb4
7775 7865 1 Bb4
7871 7961 1 G4
7967 8033 1 F4
8039 8105 1 F4
8112 8178 1 Bb3
8351 8393 1 G4
8399 8441 1 A4
8447 8537 1 Bb4
8543 8633 1 Bb4
8639 8729 1 G4
8735 8801 1 F4
8807 8873 1 G4
8879 8945 1 F4
9119 9161 1 G4
9167 9209 1 A4
9215 9305 1 Bb4
9311 9353 1 D5
9359 9401 1 D5
9407 9497 1 C5
9503 9545 1 Bb4
9551 9569 1 C5
9575 9713 1 Bb4
9744 9786 1 C4
9792 9978 1 Bb3
10079 10121 1 F4
10127 10169 1 F4
10175 10265 1 Eb4
10271 10289 1 D4
10296 10362 1 C4
10367 10433 1 Bb3
10607 10649 1 G4
10655 10697 1 G4
10703 10745 1 A4
10751 10841 1 Bb4
10847 10937 1 Bb4
10943 11033 1 G4
11039 11105 1 F4
11111 11177 1 F4
11183 11249 1 Bb3
11423 11465 1 G4
11471 11513 1 A4
11519 11609 1 Bb4
11616 11682 1 D5
11688 11754 1 Eb5
11760 11850 1 F5
11856 11970 1 D5
12048 12066 1 Bb4
12072 12186 1 D5
12191 12233 1 G4
12239 12281 1 A4
12287 12377 1 Bb4
12383 12425 1 D5
12431 12473 1 D5
12479 12569 1 C5
12575 12617 1 Bb4
12623 12641 1 C5
12647 12785 1 Bb4
12816 12858 1 C4
12864 13050 1 Bb3
13151 13193 1 F4
13199 13241 1 F4
13247 13337 1 Eb4
13343 13361 1 D4
13368 13434 1 D4
13439 13505 1 Bb3
14594 14689 2 G4
14690 14759 2 G4
14762 14783 2 F4
14786 14807 2 G4
14810 14831 2 Bb4
14834 14901 2 G4
14906 14926 2 F4
14930 14950 2 G4
14954 14974 2 F4
14978 15073 2 Bb4
15074 15144 2 Bb4
15144 15166 2 Bb4
15170 15191 2 C5
15194 15216 2 Bb4
15218 15263 2 C5
15264 15265 2 C5
15265 15312 2 D5
15314 15359 2 Bb4
16130 16225 2 G4
16226 16295 2 G4
16298 16318 2 F4
16322 16342 2 G4
16346 16366 2 Bb4
16370 16438 2 G4
16442 16462 2 F4
16466 16486 2 G4
16490 16510 2 F4
16514 16609 2 Bb4
16610 16678 2 Bb4
16680 16700 2 Bb4
16706 16726 2 C5
16730 16750 2 Bb4
16754 16798 2 C5
16800 16802 2 C5
16802 16846 2 D5
16850 16894 2 Bb4
16898 16993 2 G4
16994 17063 2 G4
17066 17087 2 F4
17090 17111 2 G4
17114 17135 2 Bb4
17138 17205 2 G4
17210 17230 2 F4
17234 17254 2 G4
17258 17278 2 F4
17282 17377 2 Bb4
17378 17448 2 Bb4
17448 17470 2 Bb4
17474 17495 2 C5
17498 17520 2 Bb4
17522 17567 2 C5
17568 17569 2 C5
17569 17616 2 D5
17618 17663 2 Bb4
17666 17761 2 G4
17762 17831 2 G4
17834 17854 2 F4
17858 17878 2 G4
17882 17902 2 Bb4
17906 17974 2 G4
17978 17998 2 F4
18002 18022 2 G4
18026 18046 2 F4
18050 18145 2 Bb4
18146 18214 2 Bb4
18216 18236 2 Bb4
18242 18262 2 C5
18266 18286 2 Bb4
18290 18334 2 C5
18336 18338 2 C5
18338 18382 2 D5
18386 18430 2 Bb4
18434 18529 2 G4
18530 18599 2 G4
18602 18623 2 F4
18626 18647 2 G4
18650 18671 2 Bb4
18674 18741 2 G4
18746 18766 2 F4
18770 18790 2 G4
18794 18814 2 F4
18818 18913 2 Bb4
18914 18984 2 Bb4
18984 19006 2 Bb4
19010 19031 2 C5
19034 19056 2 Bb4
19058 19103 2 C5
19104 19105 2 C5
19105 19152 2 D5
19154 19199 2 Bb4
19202 19297 2 G4
19298 19367 2 G4
19370 19390 2 F4
19394 19414 2 G4
19418 19438 2 Bb4
19442 19510 2 G4
19514 19534 2 F4
19538 19558 2 G4
19562 19582 2 F4
19586 19681 2 Bb4
19682 19750 2 Bb4
19752 19772 2 Bb4
19778 19798 2 C5
19802 19822 2 Bb4
19826 19870 2 C5
19872 19874 2 C5
19874 19918 2 D5
19922 19966 2 Bb4
19970 20065 2 G4
20066 20135 2 G4
20138 20159 2 F4
20162 20183 2 G4
20186 20207 2 Bb4
20210 20277 2 G4
20282 20302 2 F4
20306 20326 2 G4
20330 20350 2 F4
20354 20449 2 Bb4
20450 20520 2 Bb4
20520 20542 2 Bb4
20546 20567 2 C5
20570 20592 2 Bb4
20594 20639 2 C5
20640 20641 2 C5
20641 20688 2 D5
20690 20735 2 Bb4
20738 20833 2 G4
20834 20903 2 G4
20906 20926 2 F4
20930 20950 2 G4
20954 20974 2 Bb4
20978 21046 2 G4
21050 21070 2 F4
21074 21094 2 G4
21098 21118 2 F4
21122 21217 2 Bb4
21218 21286 2 Bb4
21288 21308 2 Bb4
21314 21334 2 C5
21338 21358 2 Bb4
21362 21406 2 C5
21408 21410 2 C5
21410 21454 2 D5
21458 21502 2 Bb4
21506 21601 2 G4
21602 21671 2 G4
21674 21695 2 F4
21698 21719 2 G4
21722 21743 2 Bb4
21746 21813 2 G4
21818 21838 2 F4
21842 21862 2 G4
21866 21886 2 F4
21890 21985 2 Bb4
21986 22056 2 Bb4
22056 22078 2 Bb4
22082 22103 2 C5
22106 22128 2 Bb4
22130 22175 2 C5
22176 22177 2 C5
22177 22224 2 D5
22226 22271 2 Bb4
22274 22369 2 G4
22370 22439 2 G4
22442 22462 2 F4
22466 22486 2 G4
22490 22510 2 Bb4
22514 22582 2 G4
22586 22606 2 F4
22610 22630 2 G4
22634 22654 2 F4
22658 22753 2 Bb4
22754 22822 2 Bb4
22824 22844 2 Bb4
22850 22870 2 C5
22874 22894 2 Bb4
22898 22942 2 C5
22944 22946 2 C5
22946 22990 2 D5
22994 23038 2 Bb4
