0 0 0 0
1632 1647 1 G5
1680 1698 1 G5
1728 1810 1 G5
1824 1866 1 F5
1872 1884 1 D5
1896 2000 1 F5
2016 2058 1 D5
2063 2083 1 C5
2087 2155 1 Bb4
3168 3210 1 G5
3216 3258 1 G5
3264 3349 1 G5
3360 3402 1 F5
3408 3429 1 D5
3432 3539 1 F5
3552 3594 1 D5
3600 3621 1 C5
3624 3748 1 Bb4
4680 4701 1 G5
4704 4746 1 G5
4752 4773 1 G5
4776 4883 1 F5
4896 4938 1 F5
4944 4965 1 D5
4968 5063 1 F5
5088 5132 1 D5
5135 5159 1 C5
5159 5235 1 Bb4
6216 6234 1 G5
6240 6277 1 G5
6288 6306 1 A5
6312 6367 1 Bb5
6384 6423 1 A5
6432 6468 1 G5
6480 6519 1 F5
6527 6576 1 F5
6576 6578 1 D5
6625 6665 1 D5
6671 6716 1 C5
7535 7577 1 G5
7583 7625 1 G5
7631 7673 1 A5
7679 7769 1 Bb5
7775 7865 1 Bb5
7871 7961 1 G5
7967 8033 1 F5
8039 8105 1 F5
8112 8178 1 Bb4
8351 8393 1 G5
8399 8441 1 A5
8447 8537 1 Bb5
8543 8633 1 Bb5
8639 8729 1 G5
8735 8801 1 F5
8807 8873 1 G5
8879 8945 1 F5
9119 9161 1 G5
9167 9209 1 A5
9215 9305 1 Bb5
9311 9353 1 D6
9359 9401 1 D6
9407 9497 1 C6
9503 9545 1 Bb5
9551 9569 1 C6
9575 9713 1 Bb5
9744 9786 1 C5
9792 9978 1 Bb4
10079 10121 1 F5
10127 10169 1 F5
10175 10265 1 Eb5
10271 10289 1 D5
10296 10362 1 C5
10367 10433 1 Bb4
10607 10649 1 G5
10655 10697 1 G5
10703 10745 1 A5
10751 10841 1 Bb5
10847 10937 1 Bb5
10943 11033 1 G5
11039 11105 1 F5
11111 11177 1 F5
11183 11249 1 Bb4
11423 11465 1 G5
11471 11513 1 A5
11519 11609 1 Bb5
11616 11682 1 D6
11688 11754 1 Eb6
11760 11850 1 F6
11856 11970 1 D6
12048 12066 1 Bb5
12072 12186 1 D6
12191 12233 1 G5
12239 12281 1 A5
12287 12377 1 Bb5
12383 12425 1 D6
12431 12473 1 D6
12479 12569 1 C6
12575 12617 1 Bb5
12623 12641 1 C6
12647 12785 1 Bb5
12816 12858 1 C5
12864 13050 1 Bb4
13151 13193 1 F5
13199 13241 1 F5
13247 13337 1 Eb5
13343 13361 1 D5
13368 13434 1 D5
13439 13505 1 Bb4
13826 13921 2 G5
13922 13991 2 G5
13994 14015 2 F5
14018 14039 2 G5
14042 14063 2 Bb5
14066 14133 2 G5
14138 14158 2 F5
14162 14182 2 G5
14186 14206 2 F5
14210 14305 2 Bb5
14306 14376 2 Bb5
14376 14398 2 Bb5
14402 14423 2 C6
14426 14448 2 Bb5
14450 14495 2 C6
14496 14497 2 C6
14497 14544 2 D6
14546 14591 2 Bb5
15362 15457 2 G5
15458 15527 2 G5
15530 15551 2 F5
15554 15575 2 G5
15578 15599 2 Bb5
15602 15669 2 G5
15674 15694 2 F5
15698 15718 2 G5
15722 15742 2 F5
15746 15841 2 Bb5
15842 15912 2 Bb5
15912 15934 2 Bb5
15938 15959 2 C6
15962 15984 2 Bb5
15986 16031 2 C6
16032 16033 2 C6
16033 16080 2 D6
16082 16127 2 Bb5
16898 16993 2 G5
16994 17063 2 G5
17066 17087 2 F5
17090 17111 2 G5
17114 17135 2 Bb5
17138 17205 2 G5
17210 17230 2 F5
17234 17254 2 G5
17258 17278 2 F5
17282 17377 2 Bb5
17378 17448 2 Bb5
17448 17470 2 Bb5
17474 17495 2 C6
17498 17520 2 Bb5
17522 17567 2 C6
17568 17569 2 C6
17569 17616 2 D6
17618 17663 2 Bb5
17666 17761 2 G5
17762 17831 2 G5
17834 17854 2 F5
17858 17878 2 G5
17882 17902 2 Bb5
17906 17974 2 G5
17978 17998 2 F5
18002 18022 2 G5
18026 18046 2 F5
18050 18145 2 Bb5
18146 18214 2 Bb5
18216 18236 2 Bb5
18242 18262 2 C6
18266 18286 2 Bb5
18290 18334 2 C6
18336 18338 2 C6
18338 18382 2 D6
18386 18430 2 Bb5
18434 18529 2 G5
18530 18599 2 G5
18602 18623 2 F5
18626 18647 2 G5
18650 18671 2 Bb5
18674 18741 2 G5
18746 18766 2 F5
18770 18790 2 G5
18794 18814 2 F5
18818 18913 2 Bb5
18914 18984 2 Bb5
18984 19006 2 Bb5
19010 19031 2 C6
19034 19056 2 Bb5
19058 19103 2 C6
19104 19105 2 C6
19105 19152 2 D6
19154 19199 2 Bb5
19202 19297 2 G5
19298 19367 2 G5
19370 19390 2 F5
19394 19414 2 G5
19418 19438 2 Bb5
19442 19510 2 G5
19514 19534 2 F5
19538 19558 2 G5
19562 19582 2 F5
19586 19681 2 Bb5
19682 19750 2 Bb5
19752 19772 2 Bb5
19778 19798 2 C6
19802 19822 2 Bb5
19826 19870 2 C6
19872 19874 2 C6
19874 19918 2 D6
19922 19966 2 Bb5
19970 20065 2 G5
20066 20135 2 G5
20138 20159 2 F5
20162 20183 2 G5
20186 20207 2 Bb5
20210 20277 2 G5
20282 20302 2 F5
20306 20326 2 G5
20330 20350 2 F5
20354 20449 2 Bb5
20450 20520 2 Bb5
20520 20542 2 Bb5
20546 20567 2 C6
20570 20592 2 Bb5
20594 20639 2 C6
20640 20641 2 C6
20641 20688 2 D6
20690 20735 2 Bb5
20738 20833 2 G5
20834 20903 2 G5
20906 20926 2 F5
20930 20950 2 G5
20954 20974 2 Bb5
20978 21046 2 G5
21050 21070 2 F5
21074 21094 2 G5
21098 21118 2 F5
21122 21217 2 Bb5
21218 21286 2 Bb5
21288 21308 2 Bb5
21314 21334 2 C6
21338 21358 2 Bb5
21362 21406 2 C6
21408 21410 2 C6
21410 21454 2 D6
21458 21502 2 Bb5
21506 21601 2 G5
21602 21671 2 G5
21674 21695 2 F5
21698 21719 2 G5
21722 21743 2 Bb5
21746 21813 2 G5
21818 21838 2 F5
21842 21862 2 G5
21866 21886 2 F5
21890 21985 2 Bb5
21986 22056 2 Bb5
22056 22078 2 Bb5
22082 22103 2 C6
22106 22128 2 Bb5
22130 22175 2 C6
22176 22177 2 C6
22177 22224 2 D6
22226 22271 2 Bb5
22274 22369 2 G5
22370 22439 2 G5
22442 22462 2 F5
22466 22486 2 G5
22490 22510 2 Bb5
22514 22582 2 G5
22586 22606 2 F5
22610 22630 2 G5
22634 22654 2 F5
22658 22753 2 Bb5
22754 22822 2 Bb5
22824 22844 2 Bb5
22850 22870 2 C6
22874 22894 2 Bb5
22898 22942 2 C6
22944 22946 2 C6
22946 22990 2 D6
22994 23038 2 Bb5
